725831483386.7693 112754591997.5471 -98717925081.14966 322256369465.7991 322398595930.674 -98874142086.71603 39244568389.8238 25074576478.16888 -94092871686.42822 57781624927.12675 -93926696566.02701 24978579246.26099 -6571933184.616643 21228583262.86066 -3564554793.804387 -98660873921.13365 -98881024398.03825 -3239510427.448295 21271737477.19038 -38305415333.39143 -42674832872.12556 22301902382.05548 17822879100.4581 4968943401.031363 17571947314.97237 22467181238.32587 -43127716793.24255 16825177071.6483 -27783273384.82233 3615606434.280544 41233520266.52447 41070266767.75404 3663089589.937378 -27965104891.2775 18116150150.24992 15400934607.7703 -24459337154.39672 -25020554151.49074 -22922180650.75521 -24822007147.6545 -24426317057.1937 15837945754.44141 1190631583.679184 -9088010376.314091 4107908066.755814 -6017904131.821314 -28938964722.36691 -28624204615.24995 -6335057018.250602 4318578037.729012 -8788488187.286581 -15348787061.15451 -9485939257.038012 3476901266.629817 25237394516.59914 17496535472.67415 24971414617.78173 3233842398.340449 -9877863103.681011 -23590060114.70288 -10133833224.56119 -7337867424.762511 14088781498.13937 14249365431.31622 -7687518016.3276 -9436401976.438505 612216509.7544665 11792737646.9031 -23769462505.70216 -21903396501.87436 -27973306763.62243 -21965097142.63031 -23297663931.96316 12296902421.65715 -337936322.2860473 223094793.3887147 -31012853.73511782 -7505658260.754658 -6966270962.13496 -873438665.8558758 550242697.1187793 -12276060594.02673 1166307606.476436 24191491612.91648 14154378567.12487 24053437959.12968 794959774.5685117 -6028974159.293027 -13210690461.06831 -4926216165.874936 -4305504652.408851 -13732847189.48215 -6925381642.667617 -27663365706.29049 -16024721993.63991 
112754591997.5471 725831483386.7693 39171773096.79049 -98903108169.34039 322427344747.6387 322232701526.9309 -98689355156.74059 -6535517277.413416 24956791082.87906 -93895226710.57225 57781693051.32929 -94122623794.791 25088154041.28846 -38238244835.34887 21282387952.90406 -3181375586.324136 -98921457498.40875 -98620206450.34026 -3626135532.360472 21223310057.49388 16836460349.83031 -43210043614.88638 22498618201.85261 17526462661.74019 4967659749.002156 17869847970.89503 22272432535.82082 -42590360492.41014 18056877910.18932 -28000366020.44258 3672719896.472282 41039899907.97262 41263291120.43 3607735733.076443 -27751543370.98976 1198913916.92959 15916032636.05 -24419873389.01854 -24786156697.65051 -22921038520.90188 -25057858551.08666 -24465035130.4416 15318097318.84024 -15284377679.12762 -8729403003.48291 4359388809.015645 -6393687810.935521 -28566081740.35196 -28996754971.16697 -5959738653.435895 4071134894.161303 -9139203711.024622 -23619421182.95766 -9951312740.657946 3191302068.750803 24920034843.01388 17498002723.6719 25283982549.15569 3523943173.404382 -9415206890.784729 405610277.8110306 -9312462067.585455 -7749993357.76798 14278027187.18889 14058374905.23311 -7271628767.138585 -10266635076.2097 -319114014.4590462 12382295359.25704 -23203676515.31261 -21980381563.30111 -27969319998.35563 -21896017296.14814 -23849187899.22057 11692482812.61685 -12307730309.23708 613585506.3047462 -1028356731.240913 -6867645051.455904 -7605444980.786514 124081709.7338244 166129073.160137 -6179494097.654162 732231079.6275868 24019199299.97264 14161966531.84816 24208100469.3552 1240478118.452379 -6662719095.244494 -13825425105.77687 -4191929979.368972 -5040835139.13895 -13111420451.8479 -16066969321.74765 -27652171466.93959 
-98717925081.14966 39171773096.79049 725831483386.7693 115040015813.6301 -58398266913.96563 14309519999.58702 -17791521701.99157 321839870938.6115 322414957001.6903 -99070951104.6945 38325470177.69273 -26482835152.62165 9235424212.826071 -94522707513.26248 55490944486.23328 -93791135695.38174 24097483347.33 -5274252330.119157 -1193373568.677669 -2604936927.252961 -4290414631.695234 -97743489058.67924 -98758395854.66504 -2761570554.481253 21919880430.33585 -38377479376.14022 24179310193.25849 -22494812530.43193 19062133313.54769 6510608483.392793 17919453653.07877 22569073961.16259 -43720209567.11684 16633507885.46218 -19154628863.31089 2990283947.424224 40874871395.87913 40149425210.36819 3173349171.755332 -28163569473.55101 17521603253.95477 -12598977130.22876 -12252139866.87742 -24317834371.14747 -25999996342.74218 -24253070431.20702 -25080969118.29028 -24170890122.01234 16353761905.86472 1464739119.771624 -19693325708.51076 4437465050.492493 -4615415395.628185 -28500776882.63057 -27062393576.20805 -6085701499.3629 4619808511.759638 -8530826843.344024 -15117457946.93137 18178964350.65134 26127541189.49203 18590086492.74254 24906399250.47787 2637212374.251626 -10443585897.41612 -23662857433.25801 17307856249.07611 -7589319340.693221 12460294537.79385 13209287959.9957 -9185027617.992565 -8451231223.340663 -480779975.5279669 933761657.8961574 -14758860106.94775 -22013679333.65052 -28559688366.30289 -22266737204.80347 -22124856419.52265 12855426534.60392 -397007202.9667935 -5531946272.113393 -7015672485.532343 -4533283634.091358 -1077613262.75658 1072694188.038217 -13079873587.05001 -5185367865.712135 14407758265.0411 23377786143.13451 -113017366.6325704 -7124349280.408015 -22907630031.04939 -15797086502.54893 -4817830356.132213 
322256369465.7991 -98903108169.34039 115040015813.6301 725831483386.7693 114966240296.3861 -58385746059.62431 14312550683.41637 -98551972861.51349 321943725378.9633 322219117147.1407 -98886952349.50581 38802803653.27383 -26570672129.9297 24444899653.28915 -94348110708.35167 55490081927.67184 -93997097749.37756 24268522689.21492 -5527009541.571525 -1264949028.270254 21755264604.74744 -3862823467.025901 -98009376873.33383 -98496523074.37157 -3128222980.622993 21830335332.31478 -38804118056.68356 24064852276.37708 22018038011.88226 18750751066.25966 6534376944.951147 18202652579.97591 22363648444.34884 -43198926114.97993 16553538543.55603 -27555581863.88073 3022282697.828971 40691809393.93662 40343522041.73975 3109890437.665473 -27928809582.73402 17920365605.82605 -12366118920.22323 14873459350.68516 -24287604609.52293 -25746820771.13129 -24274792400.66636 -25306056952.07572 -24216439824.64992 15861608821.58417 1419098867.232079 -18867501106.5271 3911701067.997011 -4992299486.598236 -28130596313.81934 -27438952060.56153 -5699206915.326447 4346876379.2062 -8925693129.401228 -15493987398.02215 3425396574.029821 25855163927.47892 18562851616.04779 25268566731.18093 2887657359.081961 -9952323147.816397 -23512450751.86234 -10844023747.05356 -8037408890.558518 12669628582.88517 13031851785.59135 -8806248596.322832 -9237364294.911665 858303533.0925109 599878374.8431498 -23759756518.14885 -22003232945.23083 -28635209937.62933 -22126587828.65425 -22785232459.59609 12355941347.93048 -534969760.9358947 1817025631.024719 -6364727320.814361 -5164334188.353505 -65200912.17533337 674483290.6814035 -12905320525.74476 23970074215.37117 14266261025.23457 23691772812.01988 207540314.2311448 -6076748429.543595 -5569126909.775638 -15249219353.72685 
322398595930.674 322427344747.6387 -58398266913.96563 114966240296.3861 725831483386.7693 114972462245.0561 -58402879908.08439 39200528622.10424 -98732721865.64478 322079372436.3251 322056159558.8521 -98704458042.96439 39273252239.1889 -5711657097.584184 24371673790.11665 -94162454452.86928 55489827075.52437 -94192058655.08824 24386550277.93602 -5742725378.055616 -39165084242.01595 21781675498.13409 -3455483704.768873 -98274092542.3396 -98233002273.12715 -3517465724.600064 21775363346.13922 -39231509291.86802 -42747104350.43001 22200186329.21297 18449402219.1396 6541435908.463937 18495624296.64684 22171048775.40363 -42662803950.54337 18228792932.44791 -27748322184.08496 3065105730.375717 40504614984.90977 40533994650.63356 3057722659.178075 -27716847555.51262 18282655106.37275 1360403648.775606 15421449774.0548 -24251298400.68746 -25503677392.17508 -24281247869.69907 -25540846304.61854 -24257316948.41266 15338052361.25778 1347493510.463948 -9220304354.716827 4136392732.261673 -5374163475.919576 -27756532771.37594 -27814903138.03241 -5314506929.768457 4099669180.284545 -9270568768.489874 -9549423982.854349 3121326566.706985 25550474926.55349 18554738410.70851 25599965348.92451 3166651858.36283 -9476770957.765263 1960202676.613899 -9949561104.01379 -8464627817.583633 12870799575.84532 12840178364.94165 -8399703916.614301 -10085226098.26595 2159666661.140882 11859298649.72471 -23271584730.53302 -22047677602.29519 -28657726721.22239 -22037225284.32281 -23353845136.30688 11760489204.1071 365411615.1408598 797295109.4311875 -5710824504.503649 -5812299047.807443 956305826.8149562 311568599.6087031 534409430.6254388 23867942875.11491 14224001284.98359 23891421877.94225 600446425.0051823 -6190850041.276184 -6306295356.462292 
-98874142086.71603 322232701526.9309 14309519999.58702 -58385746059.62431 114972462245.0561 725831483386.7693 115058682248.2882 -26556786400.39009 38729001446.16376 -98915491956.17732 322247406726.2159 321925497302.1603 -98524073929.57295 -1249098148.452421 -5490090655.204837 24245397517.65705 -93965781613.3932 55490175961.53599 -94375998017.92543 24451518080.24802 24084458611.27583 -38737635941.20549 21841974786.28124 -3069672913.684887 -98537373333.33617 -97968086735.25746 -3928040183.361403 21754143960.89759 16564566203.02874 -43281033438.61599 22394748405.63135 18157962071.96469 6531776586.10372 18798526707.27661 21990789606.82205 -12407465093.70878 17860669658.35052 -27963831347.80051 3119014279.894217 40313560060.01042 40720563875.87796 3016601072.02153 -27527637281.6622 -18996020621.98831 1427858585.132586 15940295122.24399 -24209639877.8314 -25270412061.12893 -24272414850.44261 -25785541674.24667 -24292723168.1484 14785773560.55128 -15429481415.30194 -8867487624.988056 4387668958.219331 -5759252444.827402 -27380371894.51258 -28188480389.28765 -4933300776.300572 3879203049.85051 -23542506215.32063 -10027892294.08619 2846856636.329879 25214224400.17584 18565837474.63125 25899672010.96832 3475432433.514373 647126956.9220035 652171717.3992323 -9110853098.731035 -8867078546.357576 13060468456.43865 12637516030.59944 -7968973403.793582 -10987680597.77471 -512906231.4661441 12440011070.08392 -22688425059.88532 -22145128816.83751 -28626925410.96203 -22001216413.74183 -23826961465.56055 -12939229032.70305 734289779.2474055 -223587911.2170662 -5064791519.498591 -6466453983.458776 1974751870.755184 -6232682541.592618 153037648.7712342 23650385868.13719 14281801184.96987 23975590259.27274 -15338875667.1624 -5456020683.139054 
39244568389.8238 -98689355156.74059 -17791521701.99157 14312550683.41637 -58402879908.08439 115058682248.2882 725831483386.7693 9142316481.276701 -26469442242.96951 38250604294.53123 -99099665248.29527 322448413758.4521 321826534356.051 -2679872304.726285 -1188640780.649684 -5231691167.679768 24066114283.451 -93758108296.94356 55491134015.34364 -94548868980.89122 -22576241552.9563 24194626007.88412 -38311349384.00426 21936963582.22444 -2706646210.302467 -98798967727.58368 -97702040906.84398 -4358665290.896976 -19067745298.02008 16647821249.4019 -43799852352.84004 22602214772.10426 17876266657.9834 6505411002.258133 19111478343.7773 -12136466916.62695 -12628101434.78468 17456453069.37081 -28202131900.35083 3184250193.764246 40118925087.46433 40902959196.11859 2986261294.743151 4473919490.473465 -19821367193.50853 1469629962.45832 16427328133.53682 -24163440347.65162 -25046811295.08918 -24248323426.72147 -26040287645.79045 -24321948692.26423 18032398097.91129 -15067174658.34042 -8465083394.324794 4664509671.471473 -6145878156.612711 -27003875719.21063 -28557895490.31782 -4557352859.029463 17463834047.17932 -23677324010.73594 -10520949869.89558 2600736170.199046 24847366168.69666 18596024864.49356 26166969419.49744 -14720970738.55198 992137909.2924513 -691691752.1963156 -8334911021.149384 -9241242721.080719 13235406831.14533 12427217268.57838 -7518010021.488991 -5698013458.432019 -376472836.9737404 12924337484.79706 -22014179121.03471 -22292897693.82662 -28543234568.92917 -22020316711.31054 -4955560281.99832 -13097731916.93479 1137355221.557555 -1233514610.066318 -4437320124.765347 -7115966071.692931 -22860906549.94608 -7296383605.822165 -156691991.2232915 23318834691.72009 14438536269.6473 -4564479801.602589 -15875749877.28939 
25074576478.16888 -6535517277.413416 321839870938.6115 -98551972861.51349 39200528622.10424 -26556786400.39009 9142316481.276701 725831483386.7693 117352001249.9987 -59722597961.01707 15176508803.33918 -18416858546.22773 -2363071071.989752 321583477778.1476 322216033316.5514 -99062410359.75142 37843230968.29013 -26163128634.21071 8846735052.499557 -15799092772.55325 -94758623042.09384 53192576135.48722 -93868417795.30806 23366341438.10176 -4207415749.832257 -2179544436.233011 -1710857289.41878 -17867312778.57308 -97059318111.6004 -98353645852.68048 -2637293361.924351 22483780333.27975 -38872668335.26913 24523383500.8161 -22740063334.91951 19996130512.98295 8060511866.10012 18554617851.70684 22454516292.43633 -43782004614.86636 16338995001.61827 -18538792080.38578 13221308941.85706 2414958981.938699 40280069801.60595 39388451791.42841 2604270888.763996 -28122597076.25498 17324770050.08513 -12003320576.70019 -12969698704.66565 10523456027.68311 -26723251586.83581 -25570601958.66773 -25544750520.62362 -23947316282.86595 16383571132.28461 1692060070.376551 -20088666650.04885 4742336441.653414 -27645050503.32527 -25824675328.42101 -5454988468.686048 4643207204.52991 -8683934863.757021 -15258637954.56156 18203264007.01274 26679361232.6915 19621717406.1777 25126537688.96959 2286759875.128798 -10529876968.87583 -23583092263.12844 17233957870.03008 -10481341037.63927 10976297827.83413 11947192232.12672 -10292474571.6062 -8215615562.155962 -226853662.8711744 936659760.2223558 -14655425171.77505 -29093115898.2064 -22382728307.96294 -21557325544.78013 12888529315.16034 -582458126.0651097 -5486024224.660018 -2696572874.893991 -317217322.0091404 1148625893.480491 -13729875471.20737 -5082917038.405386 -665470075.1797225 -7190815951.343584 
-94092871686.42822 24956791082.87906 322414957001.6903 321943725378.9633 -98732721865.64478 38729001446.16376 -26469442242.96951 117352001249.9987 725831483386.7693 117238167330.3242 -59695445592.08841 15160136054.47844 -18417010080.93887 -98374581973.92354 321653064662.1599 322023386450.9755 -98881953186.83592 38328067746.49448 -26252628911.5074 9447399350.597462 23765318309.88484 -94596084156.46942 53191940917.8505 -94073307430.42479 23545905254.98343 -4463160778.80205 -2242771582.024319 -1203804141.269044 -4176777915.350753 -97328790183.18153 -98089247586.61212 -3006850465.233291 22388274801.98336 -39295346401.59698 24408443924.41678 21742153419.51595 19678731661.58257 8093040667.386096 18832550303.58411 22251442834.5037 -43262256709.05239 16261582360.412 -19095451815.48755 -27351233438.78657 2433528576.260196 40103821081.4803 39579805254.25027 2544199811.420382 -27889445328.98826 17726130756.20016 -11778614780.22705 -13691531235.49923 -24102778304.00375 -26459830402.94711 -25601140029.8839 -25768155060.70171 -23995433675.27918 15887215388.25004 1643233568.964224 -19264481052.85254 -3947263263.703438 -27275479979.6627 -26203268483.98397 -5059495379.936286 4370476498.290993 -9072879979.465561 -15636599380.48146 3364833776.438577 26421794163.20631 19584352137.82687 25508503794.16661 2525320296.672995 -10024097763.09846 -23428257135.40978 16186033992.33924 -8733870780.923367 11195087985.62535 11771446255.11026 -9926512362.001041 -9017550409.795794 1108966105.192007 606705554.1097319 -22049320426.21604 -29198923395.08113 -22220027733.18208 -22236671538.48633 12398165574.14128 -742058544.8052373 -5210971504.212757 -3328446903.277633 715290928.6171582 775733560.2630452 -13542803001.79003 23201718742.75716 -401355873.0930885 
57781624927.12675 -93895226710.57225 -99070951104.6945 322219117147.1407 322079372436.3251 -98915491956.17732 38250604294.53123 -59722597961.01707 117238167330.3242 725831483386.7693 117204373810.0117 -59697735534.7157 15182540610.25162 39201803063.02972 -98551433411.35667 321753809212.3711 321863593666.8066 -98702203851.47293 38805116965.06319 -26344297715.51436 -4837045056.968101 23737365675.63954 -94422449882.49207 53191640384.62218 -94267237949.70586 23672210891.23778 -4681990199.55592 -2377731890.753854 22301334793.66483 -3746557352.363353 -97597326094.34731 -97823156014.50227 -3398902615.593434 22327004397.7189 -39718268540.7868 -42265213719.86134 21910085448.34138 19371746039.4278 8108656467.845749 19120566107.0604 22061163057.36889 -42727372278.96168 16205374304.00072 18368509820.29007 -27519478836.66574 2462506302.360381 39923259620.58049 39767621606.87631 2495292939.85342 -27679208448.26785 18090847593.20665 -11477322324.02352 14892020339.61988 -24070698316.98449 -26207015476.20834 -25615815578.73276 -26001715743.30677 -24038640608.49205 15359723344.18867 1568519307.333 3936186075.925883 -4334587292.33917 -26900925463.81639 -26582132197.54771 -4665249995.344024 4123674565.485888 -9411487370.435757 -9141136183.310112 3041407331.257644 26130762213.0769 19566326654.73609 25859408603.32735 2792501057.68545 -9535305971.137754 -23169401005.91752 -10658515059.21146 -9175413473.073065 11407637827.55559 11579643678.13298 -9530519946.032808 -9883233691.237408 2406731373.952682 -23241564995.42055 -22057798753.31502 -29250031413.94309 -22109042240.55431 -22822561835.44773 11812750586.60198 2642828282.439623 -4544573194.33873 -3982764081.069989 1760119230.613585 435257794.2375201 14194642614.42617 23448239327.44244 
-93926696566.02701 57781693051.32929 38325470177.69273 -98886952349.50581 322056159558.8521 322247406726.2159 -99099665248.29527 15176508803.33918 -59695445592.08841 117204373810.0117 725831483386.7693 117250617681.5114 -59729467903.1318 -26329855057.35146 38731424701.41273 -98730092060.69357 321886316137.7662 321736066910.5065 -98523791304.65527 39274251610.23907 -2351961460.447963 -4650428117.939603 23656062520.51086 -94237791420.70422 53191665624.82926 -94450185239.03157 23745219783.9478 -4862567265.517147 -39652570143.57391 22334317900.08303 -3336489899.57985 -97864649072.54312 -97555626634.4308 -3812189584.052872 22299163524.8207 16212657014.73359 -42811499475.27426 22089941901.38128 19075094749.73578 8107339234.750043 19418818139.42557 21883190529.33274 -42179126227.48211 -11529081409.51319 18036618373.06209 -27710407682.67694 2502177168.491469 39738649502.47745 39951619663.4183 2457303297.123835 -27491824304.45207 18416505738.15734 1581907267.773042 15443715113.01391 -24032275956.45172 -25964707599.97199 -25614577271.7787 -26245648862.32294 -24076122476.39977 14803783309.92743 -9362219857.602205 4160322888.163161 -4726425635.164688 -26523253395.57852 -26959441331.52143 -4273993960.533387 3903788762.745547 -23216705038.30127 -9609929848.771404 2749004311.312749 25806908013.79185 19567849354.56042 26178208517.76036 3089650413.441535 -9070751423.579235 2207850970.129777 -9744671153.299461 -9593949159.336317 11610400913.64386 11375128410.18176 -9108134238.203621 -10805341058.25318 11909942628.18379 -22737735086.55898 -22122781251.93612 -29245712438.704 -22052723876.91006 -23311020405.4455 485801469.6690748 1597280054.842834 -3879953194.633196 -4648405459.127172 2804816790.099739 23417570752.5722 14202633950.83803 
24978579246.26099 -94122623794.791 -26482835152.62165 38802803653.27383 -98704458042.96439 321925497302.1603 322448413758.4521 -18416858546.22773 15160136054.47844 -59697735534.7157 117250617681.5114 725831483386.7693 117376903058.9821 9353157065.4923 -26238590708.62629 38253158373.53979 -98909994790.2177 322051181165.6072 321640209050.8228 -98347266588.34714 -1286264574.931788 -2228267225.923985 -4425769598.427562 23521470465.98061 -94042155258.86905 53192017390.68933 -94622098838.61081 23764866270.97861 24428191515.17965 -39229515008.39732 22400864010.16352 -2947854776.157716 -98130493721.79799 -97286926637.95428 -4245428649.955129 -19009115997.47891 16272276697.52566 -43344144876.11435 22282178998.38038 18788658506.60461 8089090658.198131 19727419445.56146 21717074888.93055 -13580819751.90557 -11818681355.83062 17666042284.69422 -27924208848.96818 2552804958.78883 39550264239.51214 40131527355.12312 2429963887.883395 -27327080925.72447 -19392769578.65635 1652484310.589806 15966538091.24103 -23988249487.8841 -25732742479.43332 -25597429442.37349 -26500108831.89251 -24107155757.7134 -15571915594.75962 -9015618897.584829 4411223585.035051 -5120977614.00164 -26144312742.32363 -27333343425.31002 -3887538041.245931 16353513815.42071 -23459038055.16813 -10101844204.76287 2486366435.791961 25451097773.13493 19588902635.64313 26464071186.02179 3418007287.38079 653363045.00775 903362675.7202594 -8888444058.726124 -9985498354.701859 11799921562.02947 11161373260.87693 -8663394588.173717 -716630112.3479036 12480753741.15667 -22137017896.89069 -22242025860.70028 -29186027963.21291 -22053180124.37206 -13578967329.27423 831789055.0463846 553559441.5627556 -3228404233.706908 -5314060661.323926 -447050421.8996914 23152928523.09867 
-6571933184.616643 25088154041.28846 9235424212.826071 -26570672129.9297 39273252239.1889 -98524073929.57295 321826534356.051 -2363071071.989752 -18417010080.93887 15182540610.25162 -59729467903.1318 117376903058.9821 725831483386.7693 -15655140326.82802 8754457721.402332 -26149331127.91674 37767114926.22974 -99090500488.41054 322248990925.6884 321575413991.5228 -17804014817.37835 -1784754194.925374 -2176044571.101954 -4164399282.955489 23333623633.39536 -93835561241.31061 53192706094.5994 -94782903879.75098 -22820492288.8822 24538683861.18242 -38807105556.57805 22501759323.63745 -2581908719.905582 -98394606393.66988 -97017334530.25116 13183820926.39308 -18452050236.505 16352821719.91209 -43861381388.0774 22487288432.27135 18512278300.01865 8053934146.567265 20046442584.64713 10636107413.60075 -12855662073.34339 -12031193770.62488 17259199209.93108 -28160920895.26603 2614633674.241721 39358386399.46062 40307082095.22543 2412986284.379731 4779784148.457086 -20216423025.64113 1697452260.348521 16457814595.20848 -23939446887.85915 -25510894550.92284 -25564432062.53187 -26765184408.07146 18056950647.32487 -15208071594.81231 -8619079981.312634 4687897367.132536 -5516513209.47603 -25765923370.4155 -27701970394.29882 -10505621409.90278 17390504450.49142 -23598196187.50115 -10609605938.67491 2252131633.521786 25064406537.60288 19629243081.00851 26716389958.58896 -14618082054.12461 994400756.4896114 -437284541.7455632 -8097029797.243184 -10346490266.12723 11972879842.02869 10941934615.14398 -5653224385.924839 -558565968.9306692 12956110010.29492 -21443562261.04421 -22412453901.85152 -29071827518.11728 -4850734860.446395 -13749255450.78891 1209095007.20644 -475939022.5327925 -2600999066.004752 -7368981134.902277 -700433167.3558441 
21228583262.86066 -38238244835.34887 -94522707513.26248 24444899653.28915 -5711657097.584184 -1249098148.452421 -2679872304.726285 321583477778.1476 -98374581973.92354 39201803063.02972 -26329855057.35146 9353157065.4923 -15655140326.82802 725831483386.7693 119724923472.895 -61066933342.50414 16054291138.48857 -19042370814.52016 -1989587351.23443 8473984942.905505 321347952757.3351 321999963787.9719 -99034772146.68547 37325907030.59069 -25805516281.80079 8424618626.296759 -15393595896.90668 5653211603.759764 50887051452.92278 -93951736289.58925 22623055755.01232 -3122225794.824507 -3182474359.720624 -804355427.1953931 -18436475522.07978 -96346197941.66539 -97925257012.45128 -2502294101.652277 23046257802.68435 -39359066768.86526 24838059536.11589 -22933181551.62407 6300089195.444657 20931216179.26757 9602433538.076412 19188437121.65443 22330756741.87267 -43835882662.26623 16023428946.84146 -17894282943.30443 12298360910.84473 -7451155374.411877 39638145476.60619 38590340838.05067 2022536186.72705 -28078260431.00763 17130103592.55416 -11399177169.15977 -13695948323.95368 11441992564.9599 -26858585677.47335 -25985413738.0951 -23711961711.63746 16415580294.78896 1914671221.208103 -20472243665.21629 5024564841.372866 -26741687450.35493 -24538090173.80751 -4821513942.738753 4661284109.840758 -8847712853.430735 -15396563981.3984 18222661589.96597 -24072219289.20539 20605508023.11993 25286061759.7418 1920972606.114326 -10613450517.71079 -23496568968.49125 17154675664.8628 -10137671533.21732 10644171553.17416 -11397128206.03385 -7958247344.943685 31747264.25172219 939955223.9803509 -14560492458.97391 -22430314594.14671 -20953760735.97281 12902203553.26198 -777484117.6656078 -5436992710.737382 1198839000.956547 -14387171495.11631 
-3564554793.804387 21282387952.90406 55490944486.23328 -94348110708.35167 24371673790.11665 -5490090655.204837 -1188640780.649684 322216033316.5514 321653064662.1599 -98551433411.35667 38731424701.41273 -26238590708.62629 8754457721.402332 119724923472.895 725831483386.7693 119570996022.0994 -61025390753.48417 16018734522.47665 -19041436393.33345 -1988505366.165053 -98184469394.72246 321383724118.0706 321810744664.4762 -98858322980.86565 37818904657.13026 -25897565339.83265 9019849954.639259 -16282494293.67892 -94836809701.19696 50886932393.18149 -94155486706.31378 22810953616.33075 -3380738040.238851 -3237915989.302526 -303766557.9269258 -4504936932.116875 -96618931164.26422 -97658481020.73427 -2874957491.56743 22945050862.37291 -39778053510.83321 24722932273.88532 -22437072112.73927 21473902147.36493 20607187460.44704 9643931199.821777 19461075918.45586 22130214882.3156 -43317655363.34399 15949053657.3281 -18450128302.02872 12468437590.85651 1848764281.130029 39468917126.43967 38778842201.08727 1965933616.877079 -27846841134.95927 17533855246.43582 -11182161350.74772 -14407628591.48085 -27159265696.36718 -26898596428.65788 -26206946238.81397 -23762841825.57569 15914776895.18042 1862580677.843736 -19649815868.88857 -2883603832.754044 -26373573246.13309 -24918096528.37364 -4416905525.410142 4388950499.338507 -9230314874.135143 -15776486460.77007 19126725713.08958 26934377144.75922 20557789830.84962 25688430842.03928 2146939097.35159 -10092759041.76337 -23337125751.38803 16102994585.60832 9667870767.856079 10470838663.16966 -11045397284.3146 -8776075669.969519 1363924514.310089 614114463.272842 -29658686155.88646 -22243788022.62378 -21652162189.63849 12421985807.27068 -959546483.05528 1463483813.561151 852814532.0520626 
-98660873921.13365 -3181375586.324136 -93791135695.38174 55490081927.67184 -94162454452.86928 24245397517.65705 -5231691167.679768 -99062410359.75142 322023386450.9755 321753809212.3711 -98730092060.69357 38253158373.53979 -26149331127.91674 -61066933342.50414 119570996022.0994 725831483386.7693 119497149350.9383 -61013057763.67805 16021733490.75014 -19042718190.89833 39173183062.88322 -98358005384.83063 321450005016.7818 321654349656.3092 -98681772500.39458 38303192693.12305 -25990167888.99796 9625609282.594414 23052771843.71729 -94675257317.82774 50886871538.89059 -94348323305.99174 22945349800.7645 -3602471049.204456 -3364323639.159656 22839709809.0215 -4053159000.544224 -96890973788.85356 -97389957849.86093 -3270014279.067983 22877731130.1796 -40196734043.71616 24578676435.41117 -41765266977.55611 21627933241.66826 20293902309.93321 9668317449.886045 19744112642.69687 21942432016.36339 -42784004235.80144 15894926004.16287 -18998736327.04808 -27314181838.01293 1864391208.968529 39295202666.65672 38963891036.89729 1920361729.086727 -27638461482.12831 17900781719.13036 -10888752333.76316 -23876601091.90776 -26895871223.45583 -26922143150.89876 -26439097889.40429 -23808557295.79175 15383122288.09315 1784665038.764776 3760339988.918579 -3275678707.45484 -25999294193.31284 -25299318173.91141 -4012956943.682368 4142737636.883796 -9562210223.642193 -16242879213.12681 2951217620.213884 26658016101.32702 20529555104.25582 26059499166.99975 2401559831.314849 -9590380030.937973 -23073096055.10767 -9880387650.129791 9891100275.992512 10279517881.48591 -10661250728.94229 -9659742499.370218 2657732809.602037 -22011141298.94729 -29740485960.4314 -22109790480.19652 -22255465020.25179 11847732905.74573 -2124147962.2682 2530784310.367118 
-98881024398.03825 -98921457498.40875 24097483347.33 -93997097749.37756 55489827075.52437 -93965781613.3932 24066114283.451 37843230968.29013 -98881953186.83592 321863593666.8066 321886316137.7662 -98909994790.2177 37767114926.22974 16054291138.48857 -61025390753.48417 119497149350.9383 725831483386.7693 119503377310.2531 -61029934483.01011 16063286496.74475 -26069522295.50674 38705294606.33279 -98533090160.21985 321547410210.7313 321530189507.8889 -98505772653.86969 38778672701.47109 -26084300209.35024 -3760105201.500701 23017153572.85603 -94502643806.43608 50886854762.15765 -94530217977.14046 23026214714.25123 -3786116855.524847 -40548135871.45355 22846692893.18384 -3620125832.099393 -97162034288.63519 -97119945272.56998 -3686202511.585226 22843507415.90207 -40612515032.91713 15866181417.18712 -42322667608.25408 21793435019.14902 19991329252.37387 9675560061.6499 20037695078.20179 21766920543.94973 -42236709872.84919 15862649183.20994 18180181192.76665 -27480384736.90564 1890285839.607374 39117256672.40154 39145204507.81417 1885571529.696247 -27453042236.01628 18228485172.91055 14912131888.46163 -23842523035.23191 -26643578157.39898 -26929141313.96331 -26682098194.007 -23848276906.42506 14823312379.50874 -9801293627.032446 3955873762.769136 -3673674259.47862 -25620795697.44124 -25679872026.3298 -3611452861.031737 3923602783.717473 -9841122498.914719 -9185857540.047569 2639974496.941923 26347597664.79552 20521141959.95676 26398093855.88559 2686302605.322152 -9113683544.752186 -10451697462.43606 -10314326648.87476 10106479081.28456 10073641186.43814 -10248376675.60563 -10601732713.95776 -22687700377.48663 -22040057966.50204 -29764879505.69943 -22031691960.5225 -22759433902.55103 -2693332950.477238 -2798936690.740582 
-3239510427.448295 -98620206450.34026 -5274252330.119157 24268522689.21492 -94192058655.08824 55490175961.53599 -93758108296.94356 -26163128634.21071 38328067746.49448 -98702203851.47293 321736066910.5065 322051181165.6072 -99090500488.41054 -19042370814.52016 16018734522.47665 -61013057763.67805 119503377310.2531 725831483386.7693 119589680419.6339 -61076020756.95651 9530775125.810085 -25975685363.58315 38228433802.78314 -98709215324.2173 321676545601.0323 321437665891.5109 -98330897367.71907 39245141887.03009 -3339933741.969686 -3570447211.442533 22927958541.79715 -94319044129.93767 50886877868.25169 -94701116387.25658 23053492576.6035 24602989864.59798 -40131729636.52473 22886007908.74088 -3207140920.509801 -97431832609.62798 -96848713308.47018 -4122237713.023204 22841465447.81334 -18914155821.90554 15901946757.00518 -42867958218.06534 21970824783.55073 19699395348.11044 9665649459.059042 20341930713.09477 21603229453.71102 -41677590623.89788 -10939274285.51453 17846220005.01285 -27669364309.71718 1926736028.703098 38935343952.50502 39322509400.1192 1861293570.53145 -27290354323.8592 1798546039.378602 15467742523.757 -23801819822.29955 -26402277963.33025 -26919565772.89597 -26936112772.49627 -23881263147.40745 -16164927788.80103 -9514010016.629818 4179282973.749743 -4075678893.356705 -25240012800.54774 -26057841668.02322 -3214251278.928828 3732489607.569811 -23121239502.42188 -9667025488.782225 2360009831.186845 26003883031.0679 20532651107.46692 26703258445.6047 3002526605.961969 2459490533.086914 -9518252671.54764 -10722992229.43471 10310323791.95884 9856796964.520355 -9810897142.995811 11943126479.07678 -22168048346.48467 -22127038462.31309 -29731511487.98198 -22011985209.19936 2364232660.231336 -2020404702.871325 
21271737477.19038 -3626135532.360472 -1193373568.677669 -5527009541.571525 24386550277.93602 -94375998017.92543 55491134015.34364 8846735052.499557 -26252628911.5074 38805116965.06319 -98523791304.65527 321640209050.8228 322248990925.6884 -1989587351.23443 -19041436393.33345 16021733490.75014 -61029934483.01011 119589680419.6339 725831483386.7693 119756065860.8692 -16144810167.62087 8926514966.240488 -25883237132.43331 37742787091.38654 -98885794844.30408 321838008112.0787 321376171520.0374 -98157643001.26027 -385147730.922864 -3224673257.167346 -3342908136.784435 22785238626.82745 -94124508668.63225 50886946598.05392 -94860939926.00224 -22512526405.32657 24742777002.65656 -39712833707.412 22958550171.47082 -2815485235.382131 -97700100612.55093 -96576543826.58006 -4576812894.073093 12452679273.82064 -18363965577.1083 15959339074.46266 -43399326013.76023 22160559483.33374 19417986795.25544 9638598745.16799 20656886074.5768 21450947911.54381 -14298431897.62547 -11221017857.58771 17473407181.85159 -27881326535.03586 1974007942.983622 38749739242.14532 39495542478.28393 1847236501.803961 -19777851212.68475 1872335588.498351 15994772936.68398 -23755244120.93933 -26171794813.28786 -26893450930.78154 -27201239345.22614 18990390983.40308 -15711543850.50906 -9174065322.200047 4429622399.128892 -4479845339.476523 -24858857526.98143 -26431289602.86357 -2823272769.508966 16271029071.48074 -23368662109.36242 -10172741299.28491 2109945063.406313 25627863424.39597 20563944772.01323 26974268859.20309 660154675.6896418 1158907115.757437 -8644355230.424494 -11102327051.98346 10499067281.35639 9632682282.704453 -930624953.7709459 12502926135.90188 -21549645357.61598 -22269449913.90792 -29640867908.4567 904893818.0318134 1298561447.327405 
-38305415333.39143 21223310057.49388 -2604936927.252961 -1264949028.270254 -5742725378.055616 24451518080.24802 -94548868980.89122 -15799092772.55325 9447399350.597462 -26344297715.51436 39274251610.23907 -98347266588.34714 321575413991.5228 8473984942.905505 -1988505366.165053 -19042718190.89833 16063286496.74475 -61076020756.95651 119756065860.8692 725831483386.7693 5784713478.902323 -15254883096.25556 8333100451.214903 -25791176213.71288 37248436840.12682 -99062164592.071 322032385577.8196 321345090269.355 -18366718148.46635 -877353219.398389 -3180116238.027977 -3078789418.101303 22589019129.52055 -93919061282.78757 50887076622.30003 6130893691.08671 -23012389297.40271 24853296363.23969 -39294025530.83684 23065091479.54727 -2446417233.395259 -97966582461.95207 -96303730095.18089 -7525731080.878778 12257386749.60157 -17807598558.94808 16036695482.89237 -43914996675.4336 22363132062.98903 19146949606.26458 9594443663.084761 20982586139.18044 11555178263.47124 -13583574951.74855 -11425874352.75187 17064143459.30062 -28116327074.28717 2032347535.58082 38560726840.98701 39664050782.97262 5062768391.464767 -20599701362.31374 1920575340.959498 16490540698.58745 -23703640916.93042 -25951889643.09153 -26850890516.16108 -24150541536.77433 18076637919.04062 -15345630755.89071 -8783810114.275551 4705931868.177524 -4884401231.21809 -24479206708.99925 -26798269976.25394 -10162149996.26662 17311845983.1883 -23512335309.62994 -10695610090.2967 1888298865.243863 25220743836.22548 20614648168.15702 -14523820536.80397 997029081.8748603 -178142067.4254534 -7837388179.920712 -11448714084.09623 10669306015.41904 -5605394121.858794 -750106526.7648294 12968304424.78003 -20836903620.39566 -22463791263.2059 -14408056588.87733 1254854266.682254 
-42674832872.12556 16836460349.83031 -4290414631.695234 21755264604.74744 -39165084242.01595 24084458611.27583 -22576241552.9563 -94758623042.09384 23765318309.88484 -4837045056.968101 -2351961460.447963 -1286264574.931788 -17804014817.37835 321347952757.3351 -98184469394.72246 39173183062.88322 -26069522295.50674 9530775125.810085 -16144810167.62087 5784713478.902323 725831483386.7693 122159404390.313 -62430407998.75697 16941311333.37699 -19666600451.77351 -1606167908.357827 7798221344.128865 -8526334243.845773 321766063541.2695 -98987208835.26317 36772029856.7544 -25408359643.85149 7967743932.387501 -14979359818.2951 6102285310.652629 48574089722.37083 -94041249234.32916 21867891100.02084 -2019108856.792213 -4200842123.290952 112186714.7148292 -18988293115.23867 -1667155270.690172 -95603930424.30118 -97472484271.31665 -2356124188.837149 23606796971.76361 -39835603533.94193 25121311014.19818 -23071429807.83666 5855707806.999339 -12269516238.59517 11135332002.97989 19820307211.64342 22197425905.21611 -43881814697.67328 15686621366.88825 -17221040059.55908 11335216778.9943 -6296785577.134655 37754858233.75982 1428080836.162077 -28030366513.13728 16938043694.23854 -10787214377.18991 -14429361046.70284 12339647824.52141 -28114268077.54663 -26401585637.89447 -23464351460.35019 16449786311.36788 2132098856.358636 -20843500422.26315 5282888532.144342 -21123451711.73063 -23203835136.7436 -4186331231.754359 4673571091.970936 -9022440797.315292 -15531107320.19309 18237251122.67926 -23779706216.76527 25382218157.76737 1540069050.760929 -10693850009.29246 -23402907294.46046 17070143384.21521 -9789018116.518044 -12495786547.50713 -7678288885.387698 294726440.8273943 943611778.6234463 -14474507676.76137 12894723538.43775 -982385673.5157179 
22301902382.05548 -43210043614.88638 -97743489058.67924 -3862823467.025901 21781675498.13409 -38737635941.20549 24194626007.88412 53192576135.48722 -94596084156.46942 23737365675.63954 -4650428117.939603 -2228267225.923985 -1784754194.925374 321999963787.9719 321383724118.0706 -98358005384.83063 38705294606.33279 -25975685363.58315 8926514966.240488 -15254883096.25556 122159404390.313 725831483386.7693 121965354320.3056 -62374749291.19526 16886843884.98339 -19664338679.72615 -1612977533.106437 7785294303.509629 321135014687.2255 321580512008.8818 -98815234594.17238 37273848969.07726 -25503829960.17049 8557983575.706024 -15834896421.87547 -95070284422.57552 48574783355.31673 -94243794309.084 22063918890.40774 -2280147309.862006 -4249096517.096341 607178347.2773795 -19419274409.01938 -4845752761.287429 -95879597973.02844 -97203486159.34538 -2732098982.982704 23500149933.96325 -40251176171.52711 25006298837.69976 -22582286299.29179 6972363595.853574 21536422604.95687 11186005541.7428 20087629474.28502 21999601753.71198 -43365084175.51891 15615748749.84855 -17776565729.43293 11527146703.3867 38786459322.49543 37940392557.76696 1375026655.19457 -27800810956.40102 17343967090.84795 -10577409475.1231 -15130682341.59012 -27844749913.09443 -28164433576.3693 -26621043368.95223 -23518198323.48664 15944290979.56589 2076669333.559336 -20022947798.44064 5119724609.634146 -25424870201.90325 -23584559624.2561 -3772499845.9502 4401847362.697789 -9398262118.804222 -15913518574.96545 19138666426.34061 21479857138.33631 25805563094.42905 1752695960.352523 -10157845635.00677 -23238684201.24332 16014394869.57033 9132976629.546185 -12159793308.22989 -8512065776.441062 1622856168.53898 622068792.8114774 -21032059038.94587 12425724474.09554 
